<Qucs Dataset 0.0.19>
<indep time 334>
  +1.99000000000000012382e-04
  +1.99003003003003016598e-04
  +1.99006006006006020814e-04
  +1.99009009009009025029e-04
  +1.99012012012012029245e-04
  +1.99015015015015033460e-04
  +1.99018018018018037676e-04
  +1.99021021021021041891e-04
  +1.99024024024024046107e-04
  +1.99027027027027050322e-04
  +1.99030030030030054538e-04
  +1.99033033033033058753e-04
  +1.99036036036036035864e-04
  +1.99039039039039040080e-04
  +1.99042042042042044295e-04
  +1.99045045045045048511e-04
  +1.99048048048048052726e-04
  +1.99051051051051056942e-04
  +1.99054054054054061157e-04
  +1.99057057057057065373e-04
  +1.99060060060060069588e-04
  +1.99063063063063073804e-04
  +1.99066066066066078019e-04
  +1.99069069069069082235e-04
  +1.99072072072072086451e-04
  +1.99075075075075090666e-04
  +1.99078078078078094882e-04
  +1.99081081081081099097e-04
  +1.99084084084084103313e-04
  +1.99087087087087107528e-04
  +1.99090090090090111744e-04
  +1.99093093093093115959e-04
  +1.99096096096096120175e-04
  +1.99099099099099124391e-04
  +1.99102102102102101501e-04
  +1.99105105105105105717e-04
  +1.99108108108108109932e-04
  +1.99111111111111114148e-04
  +1.99114114114114118363e-04
  +1.99117117117117122579e-04
  +1.99120120120120126794e-04
  +1.99123123123123131010e-04
  +1.99126126126126135225e-04
  +1.99129129129129139441e-04
  +1.99132132132132143656e-04
  +1.99135135135135147872e-04
  +1.99138138138138152088e-04
  +1.99141141141141156303e-04
  +1.99144144144144160519e-04
  +1.99147147147147164734e-04
  +1.99150150150150168950e-04
  +1.99153153153153173165e-04
  +1.99156156156156177381e-04
  +1.99159159159159181596e-04
  +1.99162162162162185812e-04
  +1.99165165165165190028e-04
  +1.99168168168168167138e-04
  +1.99171171171171171354e-04
  +1.99174174174174175569e-04
  +1.99177177177177179785e-04
  +1.99180180180180184000e-04
  +1.99183183183183188216e-04
  +1.99186186186186192431e-04
  +1.99189189189189196647e-04
  +1.99192192192192200862e-04
  +1.99195195195195205078e-04
  +1.99198198198198209294e-04
  +1.99201201201201213509e-04
  +1.99204204204204217725e-04
  +1.99207207207207221940e-04
  +1.99210210210210226156e-04
  +1.99213213213213230371e-04
  +1.99216216216216234587e-04
  +1.99219219219219238802e-04
  +1.99222222222222243018e-04
  +1.99225225225225247233e-04
  +1.99228228228228251449e-04
  +1.99231231231231255665e-04
  +1.99234234234234232775e-04
  +1.99237237237237236991e-04
  +1.99240240240240241206e-04
  +1.99243243243243245422e-04
  +1.99246246246246249637e-04
  +1.99249249249249253853e-04
  +1.99252252252252258068e-04
  +1.99255255255255262284e-04
  +1.99258258258258266499e-04
  +1.99261261261261270715e-04
  +1.99264264264264274931e-04
  +1.99267267267267279146e-04
  +1.99270270270270283362e-04
  +1.99273273273273287577e-04
  +1.99276276276276291793e-04
  +1.99279279279279296008e-04
  +1.99282282282282300224e-04
  +1.99285285285285304439e-04
  +1.99288288288288308655e-04
  +1.99291291291291312870e-04
  +1.99294294294294317086e-04
  +1.99297297297297321302e-04
  +1.99300300300300298412e-04
  +1.99303303303303302628e-04
  +1.99306306306306306843e-04
  +1.99309309309309311059e-04
  +1.99312312312312315274e-04
  +1.99315315315315319490e-04
  +1.99318318318318323705e-04
  +1.99321321321321327921e-04
  +1.99324324324324332136e-04
  +1.99327327327327336352e-04
  +1.99330330330330340568e-04
  +1.99333333333333344783e-04
  +1.99336336336336348999e-04
  +1.99339339339339353214e-04
  +1.99342342342342357430e-04
  +1.99345345345345361645e-04
  +1.99348348348348365861e-04
  +1.99351351351351370076e-04
  +1.99354354354354374292e-04
  +1.99357357357357378507e-04
  +1.99360360360360382723e-04
  +1.99363363363363386939e-04
  +1.99366366366366391154e-04
  +1.99369369369369368265e-04
  +1.99372372372372372480e-04
  +1.99375375375375376696e-04
  +1.99378378378378380911e-04
  +1.99381381381381385127e-04
  +1.99384384384384389342e-04
  +1.99387387387387393558e-04
  +1.99390390390390397773e-04
  +1.99393393393393401989e-04
  +1.99396396396396406205e-04
  +1.99399399399399410420e-04
  +1.99402402402402414636e-04
  +1.99405405405405418851e-04
  +1.99408408408408423067e-04
  +1.99411411411411427282e-04
  +1.99414414414414431498e-04
  +1.99417417417417435713e-04
  +1.99420420420420439929e-04
  +1.99423423423423444144e-04
  +1.99426426426426448360e-04
  +1.99429429429429452576e-04
  +1.99432432432432456791e-04
  +1.99435435435435433902e-04
  +1.99438438438438438117e-04
  +1.99441441441441442333e-04
  +1.99444444444444446548e-04
  +1.99447447447447450764e-04
  +1.99450450450450454979e-04
  +1.99453453453453459195e-04
  +1.99456456456456463410e-04
  +1.99459459459459467626e-04
  +1.99462462462462471842e-04
  +1.99465465465465476057e-04
  +1.99468468468468480273e-04
  +1.99471471471471484488e-04
  +1.99474474474474488704e-04
  +1.99477477477477492919e-04
  +1.99480480480480497135e-04
  +1.99483483483483501350e-04
  +1.99486486486486505566e-04
  +1.99489489489489509782e-04
  +1.99492492492492513997e-04
  +1.99495495495495518213e-04
  +1.99498498498498522428e-04
  +1.99501501501501499539e-04
  +1.99504504504504503754e-04
  +1.99507507507507507970e-04
  +1.99510510510510512185e-04
  +1.99513513513513516401e-04
  +1.99516516516516520616e-04
  +1.99519519519519524832e-04
  +1.99522522522522529047e-04
  +1.99525525525525533263e-04
  +1.99528528528528537479e-04
  +1.99531531531531541694e-04
  +1.99534534534534545910e-04
  +1.99537537537537550125e-04
  +1.99540540540540554341e-04
  +1.99543543543543558556e-04
  +1.99546546546546562772e-04
  +1.99549549549549566987e-04
  +1.99552552552552571203e-04
  +1.99555555555555575419e-04
  +1.99558558558558579634e-04
  +1.99561561561561583850e-04
  +1.99564564564564588065e-04
  +1.99567567567567565176e-04
  +1.99570570570570569391e-04
  +1.99573573573573573607e-04
  +1.99576576576576577822e-04
  +1.99579579579579582038e-04
  +1.99582582582582586253e-04
  +1.99585585585585590469e-04
  +1.99588588588588594685e-04
  +1.99591591591591598900e-04
  +1.99594594594594603116e-04
  +1.99597597597597607331e-04
  +1.99600600600600611547e-04
  +1.99603603603603615762e-04
  +1.99606606606606619978e-04
  +1.99609609609609624193e-04
  +1.99612612612612628409e-04
  +1.99615615615615632624e-04
  +1.99618618618618636840e-04
  +1.99621621621621641056e-04
  +1.99624624624624645271e-04
  +1.99627627627627649487e-04
  +1.99630630630630653702e-04
  +1.99633633633633630813e-04
  +1.99636636636636635028e-04
  +1.99639639639639639244e-04
  +1.99642642642642643459e-04
  +1.99645645645645647675e-04
  +1.99648648648648651890e-04
  +1.99651651651651656106e-04
  +1.99654654654654660322e-04
  +1.99657657657657664537e-04
  +1.99660660660660668753e-04
  +1.99663663663663672968e-04
  +1.99666666666666677184e-04
  +1.99669669669669681399e-04
  +1.99672672672672685615e-04
  +1.99675675675675689830e-04
  +1.99678678678678694046e-04
  +1.99681681681681698261e-04
  +1.99684684684684702477e-04
  +1.99687687687687706693e-04
  +1.99690690690690710908e-04
  +1.99693693693693715124e-04
  +1.99696696696696719339e-04
  +1.99699699699699723555e-04
  +1.99702702702702700665e-04
  +1.99705705705705704881e-04
  +1.99708708708708709096e-04
  +1.99711711711711713312e-04
  +1.99714714714714717527e-04
  +1.99717717717717721743e-04
  +1.99720720720720725959e-04
  +1.99723723723723730174e-04
  +1.99726726726726734390e-04
  +1.99729729729729738605e-04
  +1.99732732732732742821e-04
  +1.99735735735735747036e-04
  +1.99738738738738751252e-04
  +1.99741741741741755467e-04
  +1.99744744744744759683e-04
  +1.99747747747747763898e-04
  +1.99750750750750768114e-04
  +1.99753753753753772330e-04
  +1.99756756756756776545e-04
  +1.99759759759759780761e-04
  +1.99762762762762784976e-04
  +1.99765765765765789192e-04
  +1.99768768768768766302e-04
  +1.99771771771771770518e-04
  +1.99774774774774774733e-04
  +1.99777777777777778949e-04
  +1.99780780780780783164e-04
  +1.99783783783783787380e-04
  +1.99786786786786791596e-04
  +1.99789789789789795811e-04
  +1.99792792792792800027e-04
  +1.99795795795795804242e-04
  +1.99798798798798808458e-04
  +1.99801801801801812673e-04
  +1.99804804804804816889e-04
  +1.99807807807807821104e-04
  +1.99810810810810825320e-04
  +1.99813813813813829535e-04
  +1.99816816816816833751e-04
  +1.99819819819819837967e-04
  +1.99822822822822842182e-04
  +1.99825825825825846398e-04
  +1.99828828828828850613e-04
  +1.99831831831831854829e-04
  +1.99834834834834831939e-04
  +1.99837837837837836155e-04
  +1.99840840840840840370e-04
  +1.99843843843843844586e-04
  +1.99846846846846848801e-04
  +1.99849849849849853017e-04
  +1.99852852852852857233e-04
  +1.99855855855855861448e-04
  +1.99858858858858865664e-04
  +1.99861861861861869879e-04
  +1.99864864864864874095e-04
  +1.99867867867867878310e-04
  +1.99870870870870882526e-04
  +1.99873873873873886741e-04
  +1.99876876876876890957e-04
  +1.99879879879879895173e-04
  +1.99882882882882899388e-04
  +1.99885885885885903604e-04
  +1.99888888888888907819e-04
  +1.99891891891891912035e-04
  +1.99894894894894916250e-04
  +1.99897897897897920466e-04
  +1.99900900900900897576e-04
  +1.99903903903903901792e-04
  +1.99906906906906906007e-04
  +1.99909909909909910223e-04
  +1.99912912912912914438e-04
  +1.99915915915915918654e-04
  +1.99918918918918922870e-04
  +1.99921921921921927085e-04
  +1.99924924924924931301e-04
  +1.99927927927927935516e-04
  +1.99930930930930939732e-04
  +1.99933933933933943947e-04
  +1.99936936936936948163e-04
  +1.99939939939939952378e-04
  +1.99942942942942956594e-04
  +1.99945945945945960810e-04
  +1.99948948948948965025e-04
  +1.99951951951951969241e-04
  +1.99954954954954973456e-04
  +1.99957957957957977672e-04
  +1.99960960960960981887e-04
  +1.99963963963963986103e-04
  +1.99966966966966963213e-04
  +1.99969969969969967429e-04
  +1.99972972972972971644e-04
  +1.99975975975975975860e-04
  +1.99978978978978980076e-04
  +1.99981981981981984291e-04
  +1.99984984984984988507e-04
  +1.99987987987987992722e-04
  +1.99990990990990996938e-04
  +1.99993993993994001153e-04
  +1.99996996996997005369e-04
  +2.00000000000000009584e-04
</indep>
<dep V1.It time>
  -4.50941340198076218160e-02
  -4.50948876452570007745e-02
  -4.50942367617163802906e-02
  -4.50924582423599604186e-02
  -4.50902340777217941481e-02
  -4.50883845034947897124e-02
  -4.50875573752504837932e-02
  -4.50880036389156163557e-02
  -4.50898568887772091540e-02
  -4.50918292233150122539e-02
  -4.50930816841083603741e-02
  -4.50939848656918482184e-02
  -4.50935666931540496405e-02
  -4.50919394496551717566e-02
  -4.50897327168984021761e-02
  -4.50877654386475715254e-02
  -4.50867350125940674621e-02
  -4.50869595771433151477e-02
  -4.50885855175630970160e-02
  -4.50906717448339988685e-02
  -4.50920421193770487589e-02
  -4.50930394207422202690e-02
  -4.50928594595496542996e-02
  -4.50914021144084367632e-02
  -4.50892370862091135253e-02
  -4.50871729044039215584e-02
  -4.50859487978007011932e-02
  -4.50859584839520474708e-02
  -4.50873205855302633394e-02
  -4.50894925733699367121e-02
  -4.50909839132441689347e-02
  -4.50920527243537719309e-02
  -4.50921139630620915195e-02
  -4.50908434958358986244e-02
  -4.50887452779704309136e-02
  -4.50866058838931063613e-02
  -4.50851989078454584714e-02
  -4.50849912230716146078e-02
  -4.50861097865068519153e-02
  -4.50882900965146535266e-02
  -4.50899048524437406904e-02
  -4.50910247840442604539e-02
  -4.50913284651556708904e-02
  -4.50902601020466975434e-02
  -4.50882510345092107906e-02
  -4.50860598088627106961e-02
  -4.50844841800309911739e-02
  -4.50840593323938512715e-02
  -4.50849421322920690391e-02
  -4.50870660364737357861e-02
  -4.50888052815121079253e-02
  -4.50899579464270477969e-02
  -4.50905014446951399321e-02
  -4.50896481364106357925e-02
  -4.50877501072386721592e-02
  -4.50855306894330926104e-02
  -4.50838027039957150999e-02
  -4.50831635121846027725e-02
  -4.50838141705294376260e-02
  -4.50858216633079345037e-02
  -4.50876850472975224116e-02
  -4.50888571786556419108e-02
  -4.50896326662292151743e-02
  -4.50890044850521323760e-02
  -4.50872399490673536615e-02
  -4.50850160018183288013e-02
  -4.50831533952949017885e-02
  -4.50823043532393441524e-02
  -4.50827266273774590610e-02
  -4.50845582931928279269e-02
  -4.50865431694604176793e-02
  -4.50878077318201953005e-02
  -4.50887217571671952698e-02
  -4.50883274007565990060e-02
  -4.50867166818855538701e-02
  -4.50845124347304324064e-02
  -4.50825335401880897268e-02
  -4.50814822930869149586e-02
  -4.50816844498391558482e-02
  -4.50832837031983069132e-02
  -4.50853807911903783912e-02
  -4.50867633981269708143e-02
  -4.50877689832574549134e-02
  -4.50876126456550840871e-02
  -4.50861731713105631791e-02
  -4.50840135697355565148e-02
  -4.50819404637928453083e-02
  -4.50806966269318015739e-02
  -4.50806835141021114421e-02
  -4.50820183016697254019e-02
  -4.50841955735997793053e-02
  -4.50856995320440059882e-02
  -4.50867746012356684915e-02
  -4.50868600721690479527e-02
  -4.50856088012536598830e-02
  -4.50835177467546616148e-02
  -4.50813715864665093269e-02
  -4.50799467165436812399e-02
  -4.50797170659210447163e-02
  -4.50808114695790268511e-02
  -4.50829886260810039356e-02
  -4.50846158732581894779e-02
  -4.50857400519940679229e-02
  -4.50860672095392753245e-02
  -4.50850190344868964609e-02
  -4.50830191999534307667e-02
  -4.50808237867372577079e-02
  -4.50792320751599515094e-02
  -4.50787854731108453277e-02
  -4.50796446407888268260e-02
  -4.50817592819672888216e-02
  -4.50835110625819740493e-02
  -4.50846664036141861476e-02
  -4.50852331275522349996e-02
  -4.50844013614117855582e-02
  -4.50825153983500648280e-02
  -4.50802933797833163543e-02
  -4.50785509871631517864e-02
  -4.50778900166477133893e-02
  -4.50785169548918937532e-02
  -4.50805089235523578917e-02
  -4.50823848620660119768e-02
  -4.50835605903183514465e-02
  -4.50843565200892068545e-02
  -4.50837510843476313438e-02
  -4.50820004268714172313e-02
  -4.50797766816514178245e-02
  -4.50779010996726001159e-02
  -4.50770309911103159162e-02
  -4.50774303367622100613e-02
  -4.50792404623261908081e-02
  -4.50812373068603736148e-02
  -4.50825136069658988225e-02
  -4.50834378047024128544e-02
  -4.50830664654676693814e-02
  -4.50814711723619976347e-02
  -4.50792706828136297004e-02
  -4.50772811727592620512e-02
  -4.50762090377460830637e-02
  -4.50763883819920302409e-02
  -4.50779600404474095621e-02
  -4.50800678609155139331e-02
  -4.50814629797636062802e-02
  -4.50824767684977964488e-02
  -4.50823447568775570460e-02
  -4.50809230848490255505e-02
  -4.50787694921667703163e-02
  -4.50766870821045703699e-02
  -4.50754235092213836888e-02
  -4.50753873976114383115e-02
  -4.50766954236391584332e-02
  -4.50788763240311043945e-02
  -4.50803931088532700011e-02
  -4.50814743106511470194e-02
  -4.50815842606401354087e-02
  -4.50803533360722707979e-02
  -4.50782699713196330360e-02
  -4.50761170484220916044e-02
  -4.50746738076712172294e-02
  -4.50744207623192116863e-02
  -4.50754898269120282683e-02
  -4.50776630970847191904e-02
  -4.50793034402173498076e-02
  -4.50804318880968293848e-02
  -4.50807838017809534015e-02
  -4.50797573893956179947e-02
  -4.50777673924151536800e-02
  -4.50755671338066501996e-02
  -4.50739585224322752977e-02
  -4.50734898218090804245e-02
  -4.50743252084239084954e-02
  -4.50764299864036613319e-02
  -4.50781943685754152296e-02
  -4.50793522496838322544e-02
  -4.50799421248071693902e-02
  -4.50791317751431108718e-02
  -4.50772579629331524020e-02
  -4.50750342280085009028e-02
  -4.50732768958577514895e-02
  -4.50725951709026739778e-02
  -4.50731998600941916044e-02
  -4.50751765802727341614e-02
  -4.50770644535469777736e-02
  -4.50782452775938327627e-02
  -4.50790591987987668277e-02
  -4.50784755328822103748e-02
  -4.50767388135245861136e-02
  -4.50745153560281747174e-02
  -4.50726268710729127687e-02
  -4.50717371322888818441e-02
  -4.50721154930554396278e-02
  -4.50739052771294626543e-02
  -4.50759130105812810818e-02
  -4.50772002318639494756e-02
  -4.50781336762244924654e-02
  -4.50777839410102451612e-02
  -4.50762036293890500094e-02
  -4.50740053001820045742e-02
  -4.50720056741237204423e-02
  -4.50709153007332816165e-02
  -4.50710745865834649937e-02
  -4.50726213899598771029e-02
  -4.50747383468273060680e-02
  -4.50761445629847129490e-02
  -4.50771654628540352494e-02
  -4.50770549189518227040e-02
  -4.50756493855042975061e-02
  -4.50735006426903964116e-02
  -4.50714107583485429354e-02
  -4.50701295653999634006e-02
  -4.50700730668951651814e-02
  -4.50713579833263155994e-02
  -4.50735408962879072203e-02
  -4.50750691129382166644e-02
  -4.50761556496352341905e-02
  -4.50762873878298234165e-02
  -4.50750735052194984043e-02
  -4.50729966364760911701e-02
  -4.50708384135018250150e-02
  -4.50693792440371165942e-02
  -4.50691065203355778479e-02
  -4.50701539171230528003e-02
  -4.50723231652027100935e-02
  -4.50739746574944366575e-02
  -4.50751066674165076775e-02
  -4.50754792461424136363e-02
  -4.50744707768414090698e-02
  -4.50724900873831560433e-02
  -4.50702868184804650298e-02
  -4.50686637219905456009e-02
  -4.50681749214590435249e-02
  -4.50689884670840631986e-02
  -4.50710834584315683804e-02
  -4.50728593033535157586e-02
  -4.50740194659704079827e-02
  -4.50746303261325281797e-02
  -4.50738399643580908704e-02
  -4.50719779969623451921e-02
  -4.50697529166143653900e-02
  -4.50679818746637164684e-02
  -4.50672795946605586614e-02
  -4.50678619315821246682e-02
  -4.50698227536587489594e-02
  -4.50717223824615917382e-02
  -4.50729102702453893192e-02
  -4.50737389773463031917e-02
  -4.50731763577216851258e-02
  -4.50714529763805507590e-02
  -4.50692314775392108284e-02
  -4.50673314232765478970e-02
  -4.50664208952275269215e-02
  -4.50667762456927120662e-02
  -4.50685432544978281655e-02
  -4.50705628813619779693e-02
  -4.50718619338867365620e-02
  -4.50728051354342337809e-02
  -4.50724784546497614368e-02
  -4.50709140156000179211e-02
  -4.50687187411851764018e-02
  -4.50667086955601134401e-02
  -4.50655988278912192357e-02
  -4.50657370171571799999e-02
  -4.50672575191429433672e-02
  -4.50693838904010143920e-02
  -4.50708019218654873383e-02
  -4.50718301540498772484e-02
  -4.50717426408534377336e-02
  -4.50703545840854535864e-02
  -4.50682106340411989254e-02
  -4.50661124658219489070e-02
  -4.50648133735293554558e-02
  -4.50647363371978332269e-02
  -4.50659982796229111046e-02
  -4.50681824557082055804e-02
  -4.50697222471520483889e-02
  -4.50708139892026932172e-02
  -4.50709677434126682050e-02
  -4.50697719426013179711e-02
  -4.50677032609315408873e-02
  -4.50655395802533539906e-02
  -4.50640636608715533518e-02
  -4.50637695802155180402e-02
  -4.50647938049808793881e-02
  -4.50669582237892968335e-02
  -4.50686219064690488101e-02
  -4.50697576320907428160e-02
  -4.50701531409934061378e-02
  -4.50691650040231581165e-02
  -4.50671940870061155104e-02
  -4.50649868299154710005e-02
  -4.50633482322185599522e-02
  -4.50628383277438815391e-02
  -4.50636290509226350443e-02
  -4.50657133205812215904e-02
  -4.50675012327534998957e-02
  -4.50686636143952587541e-02
  -4.50692962411698497260e-02
  -4.50685263474339750656e-02
  -4.50666750472696053809e-02
  -4.50644486181960082782e-02
  -4.50626646857086726738e-02
  -4.50619430252488309407e-02
  -4.50625043182659029695e-02
  -4.50644496132016486589e-02
  -4.50663603866995610137e-02
  -4.50675562740980237275e-02
  -4.50683980828214744707e-02
  -4.50678558696387190907e-02
  -4.50661450148663461635e-02
  -4.50639234746815081634e-02
  -4.50620123343467224308e-02
  -4.50610844097922569329e-02
  -4.50614211716111809358e-02
  -4.50631690614938032469e-02
  -4.50651982874907264254e-02
  -4.50665072062227736738e-02
  -4.50674583569668982252e-02
  -4.50671509372841047614e-02
  -4.50655998285720907348e-02
  -4.50634079699009024167e-02
  -4.50613893183478483873e-02
  -4.50602626197746380932e-02
  -4.50603821505276974646e-02
  -4.50618791739283847120e-02
  -4.50640134322317018056e-02
  -4.50654417980061866578e-02
  -4.50664763132577403382e-02
  -4.50664086294586888060e-02
  -4.50650356351682754297e-02
  -4.50628961494737856341e-02
  -4.50607908595098347049e-02
  -4.50594764854041276991e-02
  -4.50593811843542982332e-02
  -4.50606226577229679320e-02
</dep>
<dep _net2.Vt time>
  -2.17553127773319865401e-01
  -2.16695727532206505739e-01
  -2.16112705944856348106e-01
  -2.15819333011364133945e-01
  -2.15848217370205736065e-01
  -2.16182964815537392855e-01
  -2.16759545340884540732e-01
  -2.17731805887257517940e-01
  -2.22532959355366127818e-01
  -2.25102928988485356809e-01
  -2.18918616678983574131e-01
  -2.16912592646026386456e-01
  -2.16285903670744988903e-01
  -2.15939974039462079247e-01
  -2.15913926910756254207e-01
  -2.16200235752357694530e-01
  -2.16741661891084513858e-01
  -2.17493080378384356921e-01
  -2.21411042370475041885e-01
  -2.25390254981449794647e-01
  -2.20618946707165419774e-01
  -2.17136008987397988168e-01
  -2.16467102768334307417e-01
  -2.16069889133733455955e-01
  -2.15988756064028897264e-01
  -2.16224995830634481031e-01
  -2.16728934081204971385e-01
  -2.17427849801830858079e-01
  -2.20343195249154244486e-01
  -2.25417463376375415418e-01
  -2.22108553734404523539e-01
  -2.17366130896513243265e-01
  -2.16655904920540653968e-01
  -2.16208824068968352705e-01
  -2.16072587510643926434e-01
  -2.16257068651349887434e-01
  -2.16720824416049784311e-01
  -2.17388445191174811688e-01
  -2.19735540821915459331e-01
  -2.25182715389156240526e-01
  -2.23373382321776919879e-01
  -2.17604555129301269201e-01
  -2.16852555902949301059e-01
  -2.16356990483272504378e-01
  -2.16165939049058397625e-01
  -2.16297503895215015302e-01
  -2.16718746081643098833e-01
  -2.17356090654282463337e-01
  -2.19175170959482495947e-01
  -2.24686807244682040796e-01
  -2.24395840997485079837e-01
  -2.17852181974903996720e-01
  -2.17056421585205078228e-01
  -2.16514041162234077698e-01
  -2.16268701800080037634e-01
  -2.16346510987101170453e-01
  -2.16723083550927370089e-01
  -2.17329210649575499392e-01
  -2.18655677545483678736e-01
  -2.23940954739239250770e-01
  -2.25169728827618348399e-01
  -2.18146894550149100800e-01
  -2.17267034086534971404e-01
  -2.16679533090302023357e-01
  -2.16380806343782206014e-01
  -2.16404121051042119817e-01
  -2.16733861909831543313e-01
  -2.17306809435839076716e-01
  -2.18245207662463497345e-01
  -2.22967055753155840581e-01
  -2.25689585652783686331e-01
  -2.19647329760419590672e-01
  -2.17484637968838295796e-01
  -2.16853553054766862163e-01
  -2.16502328536788135604e-01
  -2.16470583595976207025e-01
  -2.16751834917057489838e-01
  -2.17289569459858777911e-01
  -2.18031376259309600529e-01
  -2.21837506360524933102e-01
  -2.25950195590150726410e-01
  -2.21324397155739593934e-01
  -2.17708296494854458558e-01
  -2.17035171453647757200e-01
  -2.16632961964936587851e-01
  -2.16546237161214322198e-01
  -2.16777207517254877356e-01
  -2.17277029181195513452e-01
  -2.17972530825869148519e-01
  -2.20803934189474443395e-01
  -2.25950565334295527808e-01
  -2.22792752665886967245e-01
  -2.17939268713038175607e-01
  -2.17224867234732610388e-01
  -2.16772778157724776982e-01
  -2.16631007676427900233e-01
  -2.16810265575207938848e-01
  -2.17269907675470164143e-01
  -2.17934450812566765654e-01
  -2.20227566594852874893e-01
  -2.25689571169717662080e-01
  -2.24030356712634215466e-01
  -2.18177903689966895540e-01
  -2.17421809114186792566e-01
  -2.16921529216709207954e-01
  -2.16725096666485955721e-01
  -2.16851408437603199175e-01
  -2.17268289896136362893e-01
  -2.17902556381692452669e-01
  -2.19668959013364778476e-01
  -2.25168366158715993475e-01
  -2.25028757676165674928e-01
  -2.18426471074829819941e-01
  -2.17626181863231238367e-01
  -2.17079245501696521670e-01
  -2.16828542804144319689e-01
  -2.16900976724708649535e-01
  -2.17272871129415345859e-01
  -2.17875732430565821618e-01
  -2.19155513175572552731e-01
  -2.24396513805376340844e-01
  -2.25777369194968990929e-01
  -2.18754895416198580360e-01
  -2.17837422776967964966e-01
  -2.17245503149866237003e-01
  -2.16941432721800303574e-01
  -2.16959258637577145912e-01
  -2.17284217795557066388e-01
  -2.17853706175017675095e-01
  -2.18761969452521631840e-01
  -2.23402978533245005766e-01
  -2.26271176935535694996e-01
  -2.20367121810787991443e-01
  -2.18055333626626907106e-01
  -2.17420032092374149180e-01
  -2.17063658049888974499e-01
  -2.17026413422350905602e-01
  -2.17302488821404404806e-01
  -2.17836377541776871070e-01
  -2.18569048822980338542e-01
  -2.22260888599565858970e-01
  -2.26505885288242364561e-01
  -2.22029121086354530590e-01
  -2.18279945074761699830e-01
  -2.17602589031811982645e-01
  -2.17195157178453002178e-01
  -2.17102773705886459288e-01
  -2.17328467017079224322e-01
  -2.17824126211154073252e-01
  -2.18516211081963562801e-01
  -2.21277729745081253032e-01
  -2.26479276724515121710e-01
  -2.23475147493584797020e-01
  -2.18511575866296686721e-01
  -2.17792906347990478100e-01
  -2.17335893134507379676e-01
  -2.17188387032901136786e-01
  -2.17362182536051107284e-01
  -2.17817303000279960390e-01
  -2.18478656397813275625e-01
  -2.20714374339170710249e-01
  -2.26190805408450212877e-01
  -2.24689165216278463610e-01
  -2.18751074286616581377e-01
  -2.17990758162556447219e-01
  -2.17485512684193887933e-01
  -2.17283338595767733237e-01
  -2.17404176597883774802e-01
  -2.17816700370618232530e-01
  -2.18447907644314209819e-01
  -2.20161003092794876901e-01
  -2.25646041608884517782e-01
  -2.25658538325014285109e-01
  -2.19000000131334943143e-01
  -2.18195013398738618671e-01
  -2.17643549463556573720e-01
  -2.17387560966436660381e-01
  -2.17454611746447590281e-01
  -2.17822176446952425755e-01
  -2.18421963510343264403e-01
  -2.19658898149572984204e-01
  -2.24854581269408687616e-01
  -2.26380220262784259688e-01
  -2.19385703378402935337e-01
  -2.18406313508613114660e-01
  -2.17810172652013911421e-01
  -2.17501041350308232936e-01
  -2.17513569168757858741e-01
  -2.17834126051179965966e-01
  -2.18400526056172161748e-01
  -2.19282595800187662949e-01
  -2.23846012724901233248e-01
  -2.26846837480287166766e-01
  -2.21071254080087348237e-01
  -2.18624083900247234702e-01
  -2.17984950091126006289e-01
  -2.17623783779502255609e-01
  -2.17581440344823850985e-01
  -2.17853027108612123941e-01
  -2.18383472710992648791e-01
  -2.19109748739239856841e-01
  -2.22699312413874556116e-01
  -2.27057096479925502042e-01
  -2.22712466462338914974e-01
  -2.18848863017223421723e-01
  -2.18167825548197052976e-01
  -2.17755824404194386901e-01
  -2.17658429262258923398e-01
  -2.17879359541276823586e-01
  -2.18371370901452005464e-01
  -2.19060447757980059080e-01
  -2.21767825109863370159e-01
  -2.27006151380389292749e-01
  -2.24138883050058412838e-01
  -2.19081107903254246327e-01
  -2.18358677176441057233e-01
  -2.17897117299069437157e-01
  -2.17744713352274382734e-01
  -2.17913798698866262304e-01
  -2.18365245446021150055e-01
  -2.19023807588667129842e-01
  -2.21210532282061389520e-01
  -2.26694942441278080025e-01
  -2.25327248096894222629e-01
  -2.19320598774623870542e-01
  -2.18556531148273031073e-01
  -2.18047189360550897064e-01
  -2.17840286684423289909e-01
  -2.17956289110723205882e-01
  -2.18364728322658824267e-01
  -2.18993030860391624248e-01
  -2.20658310331624668565e-01
  -2.26125806738618317926e-01
  -2.26276550783505031594e-01
  -2.19570816807297786166e-01
  -2.18761680025167853936e-01
  -2.18206085305987368406e-01
  -2.17945182226727596220e-01
  -2.18007103086939602044e-01
  -2.18370261674115995199e-01
  -2.18966917084128437354e-01
  -2.20162233730574474766e-01
  -2.25308587282721267675e-01
  -2.26976437273718079091e-01
  -2.20044619120778689458e-01
  -2.18973643270115952975e-01
  -2.18373450736961155494e-01
  -2.18059435288178921075e-01
  -2.18066736363316193703e-01
  -2.18382412756611993254e-01
  -2.18945161909695762414e-01
  -2.19801005822729544903e-01
  -2.24276234007015962124e-01
  -2.27422000729253948048e-01
  -2.21786179228183111256e-01
  -2.19192709281607084337e-01
  -2.18549330738708413868e-01
  -2.18183071301154690724e-01
  -2.18135322616851534683e-01
  -2.18402061934966001955e-01
  -2.18928929575353287129e-01
  -2.19650492843567052281e-01
  -2.23131731768008073624e-01
  -2.27606170080520558985e-01
  -2.23402334003136221474e-01
  -2.19417675990104255046e-01
  -2.18732688210239389903e-01
  -2.18315813473034248116e-01
  -2.18213085399325518177e-01
  -2.18429184531702541561e-01
  -2.18917561252291420493e-01
  -2.19603637656586719862e-01
  -2.22260404451513765567e-01
  -2.27530384194439910805e-01
  -2.24801756568079408316e-01
  -2.19649829720416994716e-01
  -2.18923618490793447933e-01
  -2.18457579930077749886e-01
  -2.18300070371967053218e-01
  -2.18464098020863306537e-01
  -2.18911428360846260777e-01
  -2.19567058896897399078e-01
  -2.21701169405588816019e-01
  -2.27192721850080936452e-01
  -2.25971825589110525412e-01
  -2.19890499246699344660e-01
  -2.19122414313723923307e-01
  -2.18608501784925191025e-01
  -2.18396286851501864046e-01
  -2.18507122380156404429e-01
  -2.18911307886817563251e-01
  -2.19536627145483498325e-01
  -2.21151762569485516030e-01
  -2.26598880954208103944e-01
  -2.26895281467281439980e-01
  -2.20141487447004235989e-01
  -2.19327619159369741064e-01
  -2.18767822732874983593e-01
  -2.18501898346349920921e-01
  -2.18558896283022774387e-01
  -2.18917857560714829157e-01
  -2.19511524270548125104e-01
  -2.20668429011149663799e-01
  -2.25765925079356138960e-01
  -2.27568768742630600510e-01
  -2.20717457659794030755e-01
  -2.19539566258170726343e-01
  -2.18935503901468847543e-01
  -2.18616753388579831974e-01
  -2.18619293670405195895e-01
  -2.18931001892692128630e-01
  -2.19490930929430366758e-01
  -2.20326956262394124675e-01
  -2.24726205399598727430e-01
  -2.27988760569474896434e-01
  -2.22469240899650116949e-01
  -2.19758107711831962572e-01
  -2.19111307742989730452e-01
  -2.18740795458043341126e-01
  -2.18688468786657208565e-01
  -2.18950973191976205889e-01
  -2.19474615690747387742e-01
  -2.20191454547082138271e-01
  -2.23578666005563253538e-01
  -2.28151103911014840886e-01
  -2.24070312557943851495e-01
  -2.19983593840972185829e-01
  -2.19295193983437608498e-01
  -2.18874126995090984016e-01
  -2.18766806895548948653e-01
  -2.18978718078374573475e-01
  -2.19463711684893258980e-01
  -2.20147136553340866394e-01
  -2.22759195348168070883e-01
</dep>
<dep _net1.Vt time>
  +6.56273227368795175618e-02
  +4.67966664115691877157e+00
  +9.23699806028428938021e+00
  +1.20883493791408405116e+01
  +1.22674249904189558436e+01
  +9.82645139060272221343e+00
  +5.80087178060459596196e+00
  +1.79103340232440677582e+00
  -1.19320258576444526710e+00
  -7.75038604042562861984e-01
  -3.03114736696050213194e-01
  +3.85126445485362278731e+00
  +8.54524656297451201681e+00
  +1.17787479827755383610e+01
  +1.24369326141057712221e+01
  +1.03906926916045190268e+01
  +6.52869671102942650265e+00
  +2.41081172852847913646e+00
  -1.20680153670860201842e+00
  -8.53138269109323665873e-01
  -3.91003545498254889701e-01
  +3.03093826037493130343e+00
  +7.81081279115983040384e+00
  +1.13929879354207663766e+01
  +1.25260128718899803602e+01
  +1.09003674267806580644e+01
  +7.24755250596519573492e+00
  +3.05151853138688489153e+00
  -1.00282912333081775103e+00
  -9.30685671271309300501e-01
  -4.70391608183676424026e-01
  +2.22701244404001119648e+00
  +7.04113867303646578932e+00
  +1.09347323690625657377e+01
  +1.25337566467589969221e+01
  +1.13522988424779907035e+01
  +7.95419827988525085516e+00
  +3.72902412345117317827e+00
  -2.40915229199658798009e-01
  -1.00680828290283130855e+00
  -5.48685274488591945286e-01
  +1.44489099176159374593e+00
  +6.24197295564282228497e+00
  +1.04073450454615326066e+01
  +1.24584204646929261884e+01
  +1.17373831182472230239e+01
  +8.63502577407191296288e+00
  +4.43161321145328201965e+00
  +5.23260682959752587706e-01
  -1.07996906122992708532e+00
  -6.26865184082393112064e-01
  +6.98191495906944736838e-01
  +5.42404985694902030957e+00
  +9.81692147316664076584e+00
  +1.23009497409468462337e+01
  +1.20509173780279130739e+01
  +9.28170978797601264887e+00
  +5.15002729336437603536e+00
  +1.21802906453139492271e+00
  -1.14649440290368276330e+00
  -7.05190879735613229684e-01
  +4.62570862330084764391e-04
  +4.59726792886299229224e+00
  +9.17098779624219417883e+00
  +1.20623971760039783163e+01
  +1.22901512119933400413e+01
  +9.88896788544399640841e+00
  +5.87837653712963970065e+00
  +1.85687037357484907574e+00
  -1.19789999468395125248e+00
  -7.83669175127265194014e-01
  -3.13776826222569416025e-01
  +3.76770987708438731545e+00
  +8.47326268013290651027e+00
  +1.17439641786422033221e+01
  +1.24516302063396953059e+01
  +1.04472326513343372056e+01
  +6.60396454615751338224e+00
  +2.47556456963549331718e+00
  -1.20294718230958164185e+00
  -8.61566154267761730168e-01
  -3.99645652294398912030e-01
  +2.95048474359567958203e+00
  +7.73692747397246627372e+00
  +1.13515832644429064402e+01
  +1.25322899530914426691e+01
  +1.09512496564904200369e+01
  +7.32299057516437468252e+00
  +3.12128436052095725728e+00
  -9.48277701265162309419e-01
  -9.39009735844347659395e-01
  -4.78861856836124422099e-01
  +2.14751868679861246392e+00
  +6.96262303604552101888e+00
  +1.08861372981037849428e+01
  +1.25314774420852899084e+01
  +1.13951425075539258813e+01
  +8.02431159050179410031e+00
  +3.79889716045658332177e+00
  -1.60065960983356930791e-01
  -1.01493833619912243726e+00
  -5.56919378866654102289e-01
  +1.37064654720300893587e+00
  +6.16314543399551517666e+00
  +1.03534129229980855769e+01
  +1.24482381290045189814e+01
  +1.17730040522622907417e+01
  +8.70201026392628129713e+00
  +4.50333596744023445524e+00
  +5.96920334750779213451e-01
  -1.08753180851071395985e+00
  -6.35154830183730534365e-01
  +6.27342720135380838009e-01
  +5.34340116486333194246e+00
  +9.75663348525650242493e+00
  +1.22825144784149689059e+01
  +1.20797586635216713802e+01
  +9.34625504682784935540e+00
  +5.22427596150526252217e+00
  +1.28588266578374788018e+00
  -1.15307073540110560650e+00
  -7.13570099827083192956e-01
  -6.09337364599383951580e-02
  +4.51524881293737490040e+00
  +9.10458610553380687236e+00
  +1.20358535085616171756e+01
  +1.23116442779523929119e+01
  +9.94877880481777054911e+00
  +5.95268597839744018074e+00
  +1.92041150081566747154e+00
  -1.20195603827804076147e+00
  -7.91998331084021622850e-01
  -3.23592768513734363456e-01
  +3.68728316498828867509e+00
  +8.40343546717146949732e+00
  +1.17103410340247151566e+01
  +1.24654399398263588949e+01
  +1.05037896604454310534e+01
  +6.68054153057648036906e+00
  +2.54213017369841232096e+00
  -1.19676240293054392261e+00
  -8.70132152068928688138e-01
  -4.08403325799771288462e-01
  +2.86839947473657730370e+00
  +7.66042431799092593536e+00
  +1.13091592386678883031e+01
  +1.25380098147714296175e+01
  +1.10018892627797058026e+01
  +7.39877001893592822768e+00
  +3.19196475614504082685e+00
  -8.76503004336853575040e-01
  -9.47478673984415653564e-01
  -4.87433145952315016736e-01
  +2.06732155875949663582e+00
  +6.88318671961059269648e+00
  +1.08352916271605987930e+01
  +1.25285467305671378568e+01
  +1.14394540599790257573e+01
  +8.09894908219306230990e+00
  +3.87340191763631080946e+00
  -7.55466258044933391957e-02
  -1.02316001561483438387e+00
  -5.65546110174141136717e-01
  +1.29287885451752249111e+00
  +6.07919123499424252088e+00
  +1.02951675007623855151e+01
  +1.24366382409113356289e+01
  +1.18093965524076160989e+01
  +8.76997681536779793987e+00
  +4.57609410022648699368e+00
  +6.70070255682722271118e-01
  -1.09499093535552138867e+00
  -6.43474584688129458421e-01
  +5.56875720484821812306e-01
  +5.26315490517709161367e+00
  +9.69633386708642852625e+00
  +1.22632755507649005011e+01
  +1.21076877026401525939e+01
  +9.40754558024764264701e+00
  +5.29486978135842445425e+00
  +1.34931567971900112646e+00
  -1.15913552015847276522e+00
  -7.21661840983501834401e-01
  -1.16068361515138121498e-01
  +4.43678664627879193461e+00
  +9.04073511382561001426e+00
  +1.20093795802394893713e+01
  +1.23315491419950262753e+01
  +1.00042114783228637265e+01
  +6.02101119472145285272e+00
  +1.97841150129596177187e+00
  -1.20502333274977635469e+00
  -7.99739761561559570069e-01
  -3.32594197785293421710e-01
  +3.61260496548847376275e+00
  +8.33755066204791717155e+00
  +1.16777995933046696564e+01
  +1.24771424102692751745e+01
  +1.05528813013335405202e+01
  +6.74795055737762972115e+00
  +2.60116665051675255427e+00
  -1.18900135580445143191e+00
  -8.77725711022585786125e-01
  -4.16155134627390510538e-01
  +2.79635498335221832633e+00
  +7.59259267849656449556e+00
  +1.12707555770112772819e+01
  +1.25423192198594950497e+01
  +1.10466466512217138529e+01
  +7.46573630488289730067e+00
  +3.25489041514447974279e+00
  -8.03305814356438552259e-01
  -9.55060872021776474661e-01
  -4.95102342512786508522e-01
  +1.99632659359430641999e+00
  +6.81216738534135757277e+00
  +1.07911797019460919955e+01
  +1.25253238912444366804e+01
  +1.14769165812085294220e+01
  +8.16117625535465585074e+00
  +3.93662299782144486926e+00
  -3.83989066029713499439e-03
  -1.03024953641623318035e+00
  -5.72939873890523254651e-01
  +1.22776716597844037793e+00
  +6.00982383868652814130e+00
  +1.02467786124360795696e+01
  +1.24262243565993593108e+01
  +1.18410565674802690239e+01
  +8.83134605182643461774e+00
  +4.64297419042528147770e+00
  +7.37186266309723503554e-01
  -1.10178399231048484985e+00
  -6.51066751584462144464e-01
  +4.93507323840955636207e-01
  +5.18910003538671915635e+00
  +9.63997646548934383759e+00
  +1.22448459865538943347e+01
  +1.21341505517275027870e+01
  +9.46800242769717215197e+00
  +5.36543845827521348468e+00
  +1.41256805662948137225e+00
  -1.16522079328208527649e+00
  -7.29477739884943687798e-01
  -1.64443214957807171128e-01
  +4.36126761304038712552e+00
  +8.97882063221270065867e+00
  +1.19834335282375619158e+01
  +1.23509593327540887486e+01
  +1.00627830368727320121e+01
  +6.09602438735000529135e+00
  +2.04208765872604791625e+00
  -1.20816516250413386047e+00
  -8.08095607646925784273e-01
  -3.41855204704684001449e-01
  +3.53217028067289851023e+00
  +8.26720156382206639023e+00
  +1.16427379414338290076e+01
  +1.24888496956758050516e+01
  +1.06050286751174809297e+01
  +6.81921093391729993272e+00
  +2.66362630770973751737e+00
  -1.17836162850010595093e+00
  -8.85788943488389213243e-01
  -4.24346198271471464203e-01
  +2.71922493764925654602e+00
  +7.51962562831556002862e+00
  +1.12289008887309869067e+01
  +1.25459298266144401168e+01
  +1.10915888615587370225e+01
  +7.53296993481826149264e+00
  +3.31847378744405441253e+00
  -7.25758463541193110657e-01
  -9.62707946613949094861e-01
  -5.02849890296974466608e-01
  +1.92487454903943699946e+00
  +6.74011703704572173734e+00
  +1.07449054974873732249e+01
  +1.25212067495295453767e+01
  +1.15165115483334012936e+01
  +8.22877574802813427368e+00
  +4.00518586983253754852e+00
  +7.24020587902764328758e-02
  -1.03793581953468816437e+00
  -5.81009500093008668387e-01
  +1.15610122197129028265e+00
  +5.93182687425800736492e+00
  +1.01918336115414582821e+01
  +1.24140906089685394420e+01
  +1.18742216449656066146e+01
  +8.89572362678705097494e+00
  +4.71306843543738196445e+00
  +8.06309919931243568314e-01
  -1.10889941059301055937e+00
  -6.59027710215356665735e-01
  +4.27699426387157521923e-01
  +5.11342885086423581953e+00
  +9.58197079512273575119e+00
  +1.22258828825180607680e+01
  +1.21583420134288413550e+01
  +9.52472572121487459640e+00
  +5.43216939871056325728e+00
  +1.47178448253962357306e+00
  -1.17064604045256492881e+00
  -7.37037733898926905596e-01
  -2.09712402384307050607e-01
  +4.28844706292127320069e+00
  +8.91855280036378772479e+00
  +1.19580522657095933425e+01
  +1.23673329347022207259e+01
  +1.01114481444769008789e+01
  +6.15711153778330722020e+00
  +2.09376802317774579620e+00
  -1.21030422530885783949e+00
  -8.15059115607446482699e-01
  -3.49583864203242777879e-01
  +3.46576372044783287407e+00
  +8.20808532045769823071e+00
  +1.16129217057446361139e+01
  +1.24983802960035621510e+01
  +1.06499057436604385174e+01
  +6.88171268142278513835e+00
  +2.71919517156538370628e+00
  -1.16596498037128992742e+00
  -8.92866707382975577367e-01
  -4.31504555125379551939e-01
  +2.65294293975433337351e+00
  +7.45662701168613484271e+00
  +1.11924959737371665369e+01
  +1.25485987909367970872e+01
  +1.11301519453318675801e+01
  +7.59263558569830809830e+00
  +3.37521416979389732305e+00
  -6.55708681277679783506e-01
</dep>
<dep _net3.Vt time>
  -3.78037103188354928207e-01
  +1.08782816955835093253e+00
  +2.35518730160438050092e+00
  +2.93612557071259105967e+00
  +2.61873348594310106918e+00
  +1.53457395913254135422e+00
  +1.03641832720406210089e-01
  -1.10294850170730041050e+00
  -1.29237697706627807648e+00
  -8.77266714507280997992e-01
  -4.92136265072321943403e-01
  +8.37045986760174498542e-01
  +2.17801919215182726575e+00
  +2.89933009317094247947e+00
  +2.73439279720460159950e+00
  +1.75692297336064817692e+00
  +3.47180234905179019300e-01
  -9.50811339286494860978e-01
  -1.35610041466306685543e+00
  -9.46272289588258597171e-01
  -5.54460696325870916468e-01
  +5.83495493210216098490e-01
  +1.98266704243510782923e+00
  +2.83630459374319654486e+00
  +2.82586293566617108297e+00
  +1.96621408444053691333e+00
  +5.93514742177528975553e-01
  -7.64439223317252003476e-01
  -1.39155547389260592084e+00
  -1.01604582961217748682e+00
  -6.17820021624828852325e-01
  +3.29859495931810409175e-01
  +1.77117374363082458189e+00
  +2.74766710179197160002e+00
  +2.89243373399597247797e+00
  +2.16114943627500810663e+00
  +8.41492029459843138284e-01
  -5.58956179455033730363e-01
  -1.35709555285668637126e+00
  -1.08683757446916362532e+00
  -6.82869331936188816989e-01
  +7.80694588650579363032e-02
  +1.54529010928875942810e+00
  +2.63414328084971405275e+00
  +2.93280507843184867767e+00
  +2.33831526830921276883e+00
  +1.08672929760550829315e+00
  -3.39769312397448952634e-01
  -1.29499135272774834604e+00
  -1.15838127304722826594e+00
  -7.49199445584236900508e-01
  -1.67259412664503226420e-01
  +1.30814443077559516837e+00
  +2.49707370062413502865e+00
  +2.94662353207604432725e+00
  +2.49560855174989582039e+00
  +1.32627036833683464856e+00
  -1.09881282216679240782e-01
  -1.20760554441913670054e+00
  -1.23002039827690023976e+00
  -8.16558474555307389764e-01
  -3.99705256856473956084e-01
  +1.06276790452294855882e+00
  +2.33832881477186971253e+00
  +2.93378341602042613800e+00
  +2.63171988649280264028e+00
  +1.55820348612603321037e+00
  +1.28781120000168336492e-01
  -1.08914798868317519442e+00
  -1.30007979493748604405e+00
  -8.84931557596508433505e-01
  -4.99072581962069772299e-01
  +8.11121618431413171635e-01
  +2.15890851978432518621e+00
  +2.89417409403370928800e+00
  +2.74512973771381085797e+00
  +1.77914834254139320180e+00
  +3.72255094056453628149e-01
  -9.33064555496339154139e-01
  -1.36230231340726581912e+00
  -9.53873023457211921539e-01
  -5.61289228867589695682e-01
  +5.57957924952082073844e-01
  +1.96233037988208414149e+00
  +2.82861983007260109346e+00
  +2.83391973118019890876e+00
  +1.98702076509628278167e+00
  +6.19180769713327139314e-01
  -7.44018163955907696483e-01
  -1.39181312079308683316e+00
  -1.02380567729423188617e+00
  -6.24876535484304218571e-01
  +3.04122494396799947225e-01
  +1.74893304842108499031e+00
  +2.73744233965760530580e+00
  +2.89775609817551105252e+00
  +2.17968741849910818686e+00
  +8.66010403602593292760e-01
  -5.37806730247120778898e-01
  -1.35223753423972747889e+00
  -1.09449281237235851449e+00
  -6.89890898218040948819e-01
  +5.35169817195844110813e-02
  +1.52235656829757304287e+00
  +2.62177158143096766807e+00
  +2.93546081396701019628e+00
  +2.35477045766560388884e+00
  +1.11072518976458756157e+00
  -3.17507362014952165818e-01
  -1.28779783179644335966e+00
  -1.16605920720744737906e+00
  -7.56346354485358696174e-01
  -1.91199243886800540615e-01
  +1.28411094414413717857e+00
  +2.48234734002937074138e+00
  +2.94671800776257564181e+00
  +2.51019460763098489764e+00
  +1.35001188264738525291e+00
  -8.62892094676699500377e-02
  -1.19742963950489622604e+00
  -1.23779471535383422953e+00
  -8.23902899938451449557e-01
  -4.19401050377105233391e-01
  +1.03775375799988966996e+00
  +2.32127958866745220945e+00
  +2.93117417688241932439e+00
  +2.64423623628447757028e+00
  +1.58090890495765723500e+00
  +1.52965784911300306526e-01
  -1.07546124980137935978e+00
  -1.30744629882638752072e+00
  -8.92331424808040174490e-01
  -5.05755803196566877666e-01
  +7.86053374656075054538e-01
  +2.14024760246009870812e+00
  +2.88901138242396759992e+00
  +2.75540136854010953016e+00
  +1.80134664017837886618e+00
  +3.97714452045454358586e-01
  -9.14839554190743364792e-01
  -1.36835527490566888353e+00
  -9.61612322935127883383e-01
  -5.68256839092426635496e-01
  +5.31859691876856222059e-01
  +1.94121259387111222416e+00
  +2.82064726874693416647e+00
  +2.84191496650489394682e+00
  +2.00781244977764350423e+00
  +6.45016292624800091637e-01
  -7.23270223910514542531e-01
  -1.39034731898141306061e+00
  -1.03168801665782039478e+00
  -6.32038905806773909646e-01
  +2.78108567360421055081e-01
  +1.72637705423232823421e+00
  +2.72664011196808830917e+00
  +2.90308029121610156054e+00
  +2.19889849416418492467e+00
  +8.92100100784288474465e-01
  -5.15253550387130054844e-01
  -1.34690131536343860041e+00
  -1.10253865813209306346e+00
  -6.97271564950437405805e-01
  +2.77626038476883330031e-02
  +1.49787809690677597985e+00
  +2.60832258867638033806e+00
  +2.93803289048675964068e+00
  +2.37173621372160692289e+00
  +1.13517766851361034952e+00
  -2.94826273062336330355e-01
  -1.28028181766459758784e+00
  -1.17381796987004127786e+00
  -7.63558016681914586421e-01
  -2.15058576568996434597e-01
  +1.26015027353322195403e+00
  +2.46754345754996862183e+00
  +2.94649365466120727319e+00
  +2.52454773528206999345e+00
  +1.37270408120764009219e+00
  -6.37291864949490194370e-02
  -1.18751540614253436878e+00
  -1.24514256037421344736e+00
  -8.30927565319103611508e-01
  -4.35767900787257522754e-01
  +1.01380597383180348636e+00
  +2.30484286412970273972e+00
  +2.92840076853357622610e+00
  +2.65607688967195398888e+00
  +1.60206989845932823435e+00
  +1.75307416393120363285e-01
  -1.06252461953017385277e+00
  -1.31412545731112140324e+00
  -8.99175169142540364753e-01
  -5.11987116282206722317e-01
  +7.62713593255027078044e-01
  +2.12255724715950355730e+00
  +2.88386078726243155756e+00
  +2.76446266429464593273e+00
  +1.82072221282938850884e+00
  +4.20200217800765385423e-01
  -8.98390320137313347360e-01
  -1.37341130831249125244e+00
  -9.68475655370635624131e-01
  -5.74483136738014432687e-01
  +5.08858280445560029470e-01
  +1.92238466571455202114e+00
  +2.81328013911828023197e+00
  +2.84865417226149286734e+00
  +2.02620920414544158916e+00
  +6.67851327748073875235e-01
  -7.04781420667776048461e-01
  -1.38799017876118546688e+00
  -1.03872055811155372673e+00
  -6.38469551486443354094e-01
  +2.54950700995275114646e-01
  +1.70608184036264387551e+00
  +2.71712845723395357567e+00
  +2.90732715778285344399e+00
  +2.21518562809619323772e+00
  +9.13878802479635266032e-01
  -4.96092669712231204571e-01
  -1.34214050793242400950e+00
  -1.10944630223233531297e+00
  -7.03615571359374802896e-01
  +6.06597857821441002746e-03
  +1.47753939172737047691e+00
  +2.59701506801341563957e+00
  +2.93995599064581947246e+00
  +2.38646465389004402979e+00
  +1.15717119926091105420e+00
  -2.74059853428537392173e-01
  -1.27316158735356754761e+00
  -1.18095855933322901876e+00
  -7.70162062299726390968e-01
  -2.36639221973709984459e-01
  +1.23790589048312837939e+00
  +2.45356681027578193977e+00
  +2.94608339474978864203e+00
  +2.53806867881812392440e+00
  +1.39495838543587025171e+00
  -4.12991332575723957277e-02
  -1.17731775295238838552e+00
  -1.25252345595987812921e+00
  -8.37862782438768660676e-01
  -4.47999397770913410088e-01
  +9.90630880099932942251e-01
  +2.28877466557825082205e+00
  +2.92547948703958038408e+00
  +2.66769079949941589902e+00
  +1.62434831916402333540e+00
  +1.99730709747865747827e-01
  -1.04797173733390591721e+00
  -1.32139202827453727807e+00
  -9.06636871423772694456e-01
  -5.18659171007370467521e-01
  +7.37571330318720130848e-01
  +2.10365984918659476577e+00
  +2.87822939450827242069e+00
  +2.77395373479555207297e+00
  +1.84143536115656103469e+00
  +4.44083124119441063904e-01
  -8.80645315350023549783e-01
  -1.37843374775616900330e+00
  -9.75769109020180658298e-01
  -5.81084233601142696735e-01
  +4.84235121179970640082e-01
  +1.90212030394810627243e+00
  +2.80518238262048758003e+00
  +2.85551258218788417409e+00
  +2.04487867768296283089e+00
  +6.90932673666189822725e-01
  -6.85956110694066700795e-01
  -1.38504723927773665260e+00
  -1.04583590523097869074e+00
  -6.44979390462862789413e-01
  +2.31652481351402317333e-01
  +1.68548802485855597766e+00
  +2.70709711324913460118e+00
  +2.91168315631459284631e+00
  +2.23250871994204080906e+00
  +9.37591688123723510095e-01
  -4.75255747284884566550e-01
  -1.33683495208036462465e+00
  -1.11689564872903535075e+00
  -7.10507926196423889031e-01
  -1.77853165645311395160e-02
  +1.45467669920948794449e+00
  +2.58415310951429866293e+00
  +2.94190415959823114989e+00
  +2.40208730305281248363e+00
  +1.18037728396351160320e+00
  -2.52172539894817082651e-01
  -1.26546369842038886055e+00
  -1.18845071081836550775e+00
  -7.77095276983669758231e-01
  -2.59043998655106522122e-01
  +1.21518671789051269094e+00
  +2.43916086309916657626e+00
  +2.94542175184497256879e+00
  +2.55077723763988739591e+00
  +1.41604226138366362520e+00
  -1.99160056745804232847e-02
  -1.16737001643131654838e+00
  -1.25945502410012521999e+00
  -8.44509625975431221789e-01
  -4.57987523756186731827e-01
  +9.68262463612805657220e-01
  +2.27309164861807522229e+00
  +2.92248836811983636608e+00
  +2.67781793448631555421e+00
  +1.64304078697614430737e+00
  +2.19785991372398570309e-01
  -1.03578293590000325430e+00
  -1.32730346613588379157e+00
  -9.12833730775235219213e-01
  -5.24284516105043230105e-01
  +7.16702650696456222690e-01
  +2.08765599538029489324e+00
  +2.87326942528133288945e+00
  +2.78184432333477671406e+00
  +1.85921913757746204432e+00
  +4.64972204202733219169e-01
  -8.64972086533600359459e-01
  -1.38253583914022581958e+00
  -9.82195083042186833922e-01
  -5.86913185816765547997e-01
  +4.62970255097834682001e-01
  +1.88451848635837704293e+00
  +2.79800384702284166138e+00
  +2.86124409438873561484e+00
  +2.06088743195661194818e+00
  +7.11370001128727835749e-01
  -6.69186841550488464847e-01
  -1.38219059455073800535e+00
</dep>
<dep _net4.Vt time>
  +2.14857955331757644046e+01
  +6.63278097078151951393e+00
  -8.79472059470036526818e+00
  -1.89796480630631840825e+01
  -2.01298329850525234974e+01
  -1.18544138987558280718e+01
  +2.73415060829031553169e+00
  +1.82245983636930972693e+01
  +2.88896986703990243939e+01
  +3.08339077141014037409e+01
  +2.35176212209621233740e+01
  +9.36217473381720921566e+00
  -6.40205445837662523445e+00
  -1.78224450492573041060e+01
  -2.06342970975631310182e+01
  -1.38244172836681737948e+01
  +3.48336314018094228562e-02
  +1.57924648038606818545e+01
  +2.76330212433310258291e+01
  +3.11796635655825582489e+01
  +2.53414403276164783563e+01
  +1.20394354607212274999e+01
  -3.88407618921168751314e+00
  -1.64120198528607907917e+01
  -2.08539800634901553167e+01
  -1.55841297653568542358e+01
  -2.60454193682491963457e+00
  +1.32499076077048094646e+01
  +2.61301899464488904812e+01
  +3.12500188899242203888e+01
  +2.69440974995410371662e+01
  +1.46388035602924428957e+01
  -1.26568905822608601675e+00
  -1.47614341572197798058e+01
  -2.07856316868086814509e+01
  -1.71219060227462023249e+01
  -5.17132996314254711478e+00
  +1.06069699522547846726e+01
  +2.43857519702968161823e+01
  +3.10421792123710282851e+01
  +2.83150023529492571583e+01
  +1.71412512287011047363e+01
  +1.43061492853295502137e+00
  -1.28864114831699776431e+01
  -2.04294346594924149940e+01
  -1.84113982467598944481e+01
  -7.62122334085087338451e+00
  +7.90630781020731721043e+00
  +2.24296446394099575627e+01
  +3.05569685111243138920e+01
  +2.94343859309372177790e+01
  +1.95036924277510692605e+01
  +4.16765923313065478339e+00
  -1.08097340341532728303e+01
  -1.97907593898346405581e+01
  -1.94383074359551812904e+01
  -9.92591675985237742452e+00
  +5.18090993704891111804e+00
  +2.02880099712070496309e+01
  +2.97994268092278637994e+01
  +3.02935482254125574286e+01
  +2.17034321933297107421e+01
  +6.91198619657023805019e+00
  -8.55881341043556176373e+00
  -1.88743138618965282660e+01
  -2.01942835953317434416e+01
  -1.20673619195701284923e+01
  +2.45189739350999591494e+00
  +1.79788789040534666697e+01
  +2.87732146133876476313e+01
  +3.08852334015444895954e+01
  +2.37181248962317070550e+01
  +9.64192033107424073535e+00
  -6.14841332292620723621e+00
  -1.76878499935677560018e+01
  -2.06707408707013478022e+01
  -1.40154296673959386510e+01
  -2.37572593420565830735e-01
  +1.55385506335375787046e+01
  +2.74927479760929074359e+01
  +3.12019535688954228192e+01
  +2.55158703834782052411e+01
  +1.23065663333157750969e+01
  -3.62601689144659644626e+00
  -1.62557596500704413245e+01
  -2.08604458162136090493e+01
  -1.57527724642980455627e+01
  -2.87391875652284456422e+00
  +1.29816520266357429136e+01
  +2.59628235047882718334e+01
  +3.12439491867808669667e+01
  +2.70968435387488106869e+01
  +1.49000445782227775027e+01
  -9.94081691492229246876e-01
  -1.45820099089434798145e+01
  -2.07630445470611206815e+01
  -1.72617324713607054321e+01
  -5.41988057093936959063e+00
  +1.03415409799993067708e+01
  +2.42023171000125465468e+01
  +3.10085602196123595320e+01
  +2.84397081314253625806e+01
  +1.73833702600082844469e+01
  +1.70152782533280855226e+00
  -1.26896674754259031204e+01
  -2.03792075507864609563e+01
  -1.85240750857226288417e+01
  -7.85543202347657221196e+00
  +7.63829318692381953326e+00
  +2.22274836825721706646e+01
  +3.04964498617973411854e+01
  +2.95346385449577084614e+01
  +1.97332644529491751939e+01
  +4.44325029188529718738e+00
  -1.05918213350617236301e+01
  -1.97108845559244123535e+01
  -1.95253079629268668782e+01
  -1.01482479627743540362e+01
  +4.90765457874838073593e+00
  +2.00643578730800378196e+01
  +2.97106380277489989794e+01
  +3.03676421956822260029e+01
  +2.19161983072165433839e+01
  +7.18977026696440368880e+00
  -8.32162449315433505603e+00
  -1.87670773493536700016e+01
  -2.02545994268465925359e+01
  -1.22709744445639277188e+01
  +2.18135237487525834865e+00
  +1.77416447267617130024e+01
  +2.86587679879143593098e+01
  +3.09318828202314470843e+01
  +2.39097467302774759901e+01
  +9.91208089035310635495e+00
  -5.90144323582746910262e+00
  -1.75571635629368678622e+01
  -2.07030263893517663121e+01
  -1.42046688101876963373e+01
  -5.12690038608637266293e-01
  +1.52807147223249355505e+01
  +2.73482884462409643334e+01
  +3.12220298387658594663e+01
  +2.56919082698377359009e+01
  +1.25796431427940085257e+01
  -3.35818630107864413148e+00
  -1.60953789806603566603e+01
  -2.08640013632834495638e+01
  -1.59198563293821528930e+01
  -3.14376194224902061336e+00
  +1.27108056533135140853e+01
  +2.57919897463669691717e+01
  +3.12353568989534231548e+01
  +2.72497042114517853406e+01
  +1.51638430311037470943e+01
  -7.19072587521323081106e-01
  -1.43937890031848390038e+01
  -2.07368620012574211842e+01
  -1.74053280132427126148e+01
  -5.68319761623226415992e+00
  +1.00599063138774518222e+01
  +2.40063837705302738357e+01
  +3.09707725738376069557e+01
  +2.85681789947791209272e+01
  +1.76363668024701496506e+01
  +1.98955427004081930598e+00
  -1.24776593536386197769e+01
  -2.03234138959315586703e+01
  -1.86392837100193204947e+01
  -8.09350422168059857597e+00
  +7.36595742887374882457e+00
  +2.20202376480380443979e+01
  +3.04322737113190306957e+01
  +2.96319696843274371645e+01
  +1.99603281645444567971e+01
  +4.71609626322129482645e+00
  -1.03753228701913755572e+01
  -1.96296305228651029040e+01
  -1.96099533759800337407e+01
  -1.03604305684948059252e+01
  +4.64671590960439129248e+00
  +1.98511126914044879754e+01
  +2.96237853003056414991e+01
  +3.04367618350714259634e+01
  +2.21205949563385217971e+01
  +7.45547818663344763479e+00
  -8.09365517668504530491e+00
  -1.86603891809628628096e+01
  -2.03096346329336121528e+01
  -1.24595141656326724444e+01
  +1.93259010051045199141e+00
  +1.75222044866442274724e+01
  +2.85509268216482574587e+01
  +3.09722524613043574959e+01
  +2.40854175372886452067e+01
  +1.01634595377453891274e+01
  -5.66782058039120606452e+00
  -1.74301276918655361214e+01
  -2.07289428190985027811e+01
  -1.43684642873887611358e+01
  -7.54406116155490358288e-01
  +1.50521676602715555049e+01
  +2.72186114318271918933e+01
  +3.12367450539775290963e+01
  +2.58454215392412436358e+01
  +1.28202088992775973253e+01
  -3.11978350706316742702e+00
  -1.59492591807647734470e+01
  -2.08636469822897048232e+01
  -1.60660899407302721897e+01
  -3.38087174808130663806e+00
  +1.24711854858345407848e+01
  +2.56384846554155245713e+01
  +3.12245698128585225106e+01
  +2.73831386333626305429e+01
  +1.53987827882967227566e+01
  -4.71721101170387902002e-01
  -1.42294921438508481515e+01
  -2.07108874014956469978e+01
  -1.75251843695289615255e+01
  -5.90147720558474375707e+00
  +9.82238021104909897474e+00
  +2.38385851511696067462e+01
  +3.09357072343319536856e+01
  +2.86745589778048781682e+01
  +1.78496409085752638646e+01
  +2.22884067121725992777e+00
  -1.23003007263082917433e+01
  -2.02723378062339776307e+01
  -1.87372126787055570674e+01
  -8.30593033244235101620e+00
  +7.11843647593972406185e+00
  +2.18308475612648464903e+01
  +3.03718222193135574116e+01
  +2.97180287292388314313e+01
  +2.01663088183917942331e+01
  +4.96987291165113909130e+00
  -1.01708920137838294551e+01
  -1.95496511172097839903e+01
  -1.96875933227596107145e+01
  -1.05668281751194825802e+01
  +4.38901876587394301765e+00
  +1.96376666963367867424e+01
  +2.95352777668271286871e+01
  +3.05002561299035406250e+01
  +2.23130016442994900672e+01
  +7.71084105816065967787e+00
  -7.87293229585022213968e+00
  -1.85563991025902517151e+01
  -2.03625937833626160511e+01
  -1.26576513788065643240e+01
  +1.66102567684614554899e+00
  +1.72805116367736779637e+01
  +2.84308332084835164721e+01
  +3.10142000294849289332e+01
  +2.42732408646466062407e+01
  +1.04323882668024801035e+01
  -5.42034451573997522189e+00
  -1.72954820255624177605e+01
  -2.07554740483436575005e+01
  -1.45437758711416265101e+01
  -1.01139326792078532158e+00
  +1.48084186379696003399e+01
  +2.70785957294450696509e+01
  +3.12503770925064969788e+01
  +2.60067561368749160522e+01
  +1.30760996863802034795e+01
  -2.86501649020303039705e+00
  -1.57918199792384132962e+01
  -2.08616578325815247297e+01
  -1.62143853845656060741e+01
  -3.62058631791990226390e+00
  +1.22274347627291675167e+01
  +2.54813889611056403339e+01
  +3.12115468499483732501e+01
  +2.75162410313512459936e+01
  +1.56337530242722380081e+01
  -2.22273361385088130682e-01
  -1.40585026233241627835e+01
  -2.06815069916015801255e+01
  -1.76523150321497155346e+01
  -6.13896498577280702591e+00
  +9.56444194179060147576e+00
  +2.36557109898543380666e+01
  +3.08958292474235136638e+01
  +2.87901550015750160583e+01
  +1.80837068962984091058e+01
  +2.49731300304073844387e+00
  -1.20995103543811151070e+01
  -2.02144217575194282688e+01
  -1.88402649454639181670e+01
  -8.52949931405203365387e+00
  +6.85824175095090460275e+00
  +2.16296069819084024743e+01
  +3.03056480544193433957e+01
  +2.98062225918210046416e+01
  +2.03787305777590148637e+01
  +5.22741966571173310996e+00
  -9.96233955958555306154e+00
  -1.94703087616704593188e+01
  -1.97598833419081181262e+01
  -1.07622476117833851816e+01
  +4.14349905638380544559e+00
  +1.94331897946717049308e+01
  +2.94488878230357471466e+01
  +3.05596309285943092959e+01
  +2.24989838214646624692e+01
  +7.95710881583195650535e+00
  -7.65806312138238531873e+00
  -1.84550606058943493792e+01
  -2.04070679069370797265e+01
  -1.28229954608863980781e+01
  +1.43884348380436888348e+00
  +1.70822691431995679068e+01
  +2.83301875633321813552e+01
  +3.10457605922049602043e+01
  +2.44271228692726332099e+01
  +1.06558859986765082084e+01
  -5.21081136363097208175e+00
  -1.71795295502405807042e+01
  -2.07745117348241272737e+01
  -1.46924468677727588783e+01
  -1.23444455254322194016e+00
  +1.45945555809045579565e+01
  +2.69541830378178559613e+01
  +3.12597250471216980827e+01
  +2.61453578863361464357e+01
  +1.32972700032709294504e+01
  -2.64378477516042709183e+00
  -1.56536986441677630211e+01
  -2.08568758787010963829e+01
  -1.63400346209113926932e+01
  -3.83149304791539480064e+00
  +1.20118848126930579667e+01
  +2.53405531984897187670e+01
</dep>
<dep Vout.Vt time>
  -4.93437267726322659200e+00
  -3.20333358843186921661e-01
  +4.23699806028418457515e+00
  +7.08834937914073481835e+00
  +7.26742499041885015032e+00
  +4.82645139060261652020e+00
  +8.00871780604491156907e-01
  -3.20896659767569891741e+00
  -6.19320258576455717758e+00
  -5.77503860404267133077e+00
  -5.30311473669615995874e+00
  -1.14873554514648823499e+00
  +3.54524656297440188268e+00
  +6.77874798277542822689e+00
  +7.43693261410566108793e+00
  +5.39069269160440889266e+00
  +1.52869671102931636852e+00
  -2.58918827147163099767e+00
  -6.20680153670871348481e+00
  -5.85313826910943380000e+00
  -5.39100354549836868756e+00
  -1.96906173962517883069e+00
  +2.81081279115972026972e+00
  +6.39298793542065624251e+00
  +7.52601287188987022603e+00
  +5.90036742678054793032e+00
  +2.24755250596508560079e+00
  -1.94848146861322524259e+00
  -6.00282912333092788515e+00
  -5.93068567127141932360e+00
  -5.47039160818378622508e+00
  -2.77298755596009982582e+00
  +2.04113867303635565520e+00
  +5.93473236906245471545e+00
  +7.53375664675888589983e+00
  +6.35229884247788056939e+00
  +2.95419827988514072103e+00
  -1.27097587654893784403e+00
  -5.24091522919976871009e+00
  -6.00680828290294854810e+00
  -5.54868527448870896279e+00
  -3.55510900823852349362e+00
  +1.24197295564270504542e+00
  +5.40734504546141625525e+00
  +7.45842046469280894883e+00
  +6.73738311824710667253e+00
  +3.63502577407179661151e+00
  -5.68386788546835219904e-01
  -4.47673931704036487389e+00
  -6.07996906123004254852e+00
  -5.62686518408250968548e+00
  -4.30180850409318260574e+00
  +4.24049856948897740949e-01
  +4.81692147316651908540e+00
  +7.30094974094672544140e+00
  +7.05091737802779139344e+00
  +4.28170978797589096843e+00
  +1.50027293364253466734e-01
  -3.78197093546872764591e+00
  -6.14649440290380777441e+00
  -5.70519087973575178552e+00
  -4.99953742913780274648e+00
  -4.02732071137140046346e-01
  +4.17098779624206805750e+00
  +7.06239717600384953045e+00
  +7.29015121199321214362e+00
  +4.88896788544386851072e+00
  +8.78376537129512691138e-01
  -3.14312962642527793378e+00
  -6.19789999468407515337e+00
  -5.78366917512738965002e+00
  -5.31377682622268743273e+00
  -1.23229012291572903592e+00
  +3.47326268013278927071e+00
  +6.74396417864208608250e+00
  +7.45163020633957806638e+00
  +5.44723265133422085427e+00
  +1.60396454615739703087e+00
  -2.52443543036462303419e+00
  -6.20294718230969888140e+00
  -5.86156615426787919176e+00
  -5.39964565229451487482e+00
  -2.04951525640443676934e+00
  +2.73692747397234992235e+00
  +6.35158326444279008882e+00
  +7.53228995309132631775e+00
  +5.95124965649030279735e+00
  +2.32299057516425744296e+00
  -1.87871563947915998227e+00
  -5.94827770126527877181e+00
  -5.93900973584445956988e+00
  -5.47886185683623594400e+00
  -2.85248131320149855839e+00
  +1.96262303604540999658e+00
  +5.88613729810367480866e+00
  +7.53147744208517977427e+00
  +6.39514250755381574720e+00
  +3.02431159050168396618e+00
  -1.20110283954352681235e+00
  -5.16006596098346737023e+00
  -6.01493833619923101708e+00
  -5.55691937886675901836e+00
  -3.62935345279709586919e+00
  +1.16314543399541125979e+00
  +5.35341292299799231813e+00
  +7.44823812900442572271e+00
  +6.77300405226219481847e+00
  +3.70201026392618537386e+00
  -4.96664032559859691673e-01
  -4.40307966524931515551e+00
  -6.08753180851080788472e+00
  -5.63515483018385587854e+00
  -4.37265727986474761479e+00
  +3.43401164863205821121e-01
  +4.75663348525637452724e+00
  +7.28251447841483745549e+00
  +7.07975866352153371253e+00
  +4.34625504682771168774e+00
  +2.24275961505124854511e-01
  -3.71411733421639045361e+00
  -6.15307073540124349620e+00
  -5.71357009982721564256e+00
  -5.06093373646007282929e+00
  -4.84751187062757438184e-01
  +4.10458610553367453377e+00
  +7.03585350856148394882e+00
  +7.31164427795225968509e+00
  +4.94877880481763732234e+00
  +9.52685978397306953980e-01
  -3.07958849918446464500e+00
  -6.20195603827817265596e+00
  -5.79199833108415074179e+00
  -5.32359276851386020724e+00
  -1.31271683501183655807e+00
  +3.40343546717134248780e+00
  +6.71034103402458725895e+00
  +7.46543993982623188543e+00
  +5.50378966044530315571e+00
  +1.68054153057635335955e+00
  -2.45786982630171557673e+00
  -6.19676240293066893372e+00
  -5.87013215206905680787e+00
  -5.40840332579989802042e+00
  -2.13160052526355059399e+00
  +2.66042431799079892585e+00
  +6.30915923866776129358e+00
  +7.53800981477130260799e+00
  +6.00188926277957790489e+00
  +2.39877001893580121816e+00
  -1.80803524385508707084e+00
  -5.87650300433698191682e+00
  -5.94747867398454310717e+00
  -5.48743314595243703025e+00
  -2.93267844124063126188e+00
  +1.88318671961046479879e+00
  +5.83529162716047178350e+00
  +7.52854673056700995915e+00
  +6.43945405997889874783e+00
  +3.09894908219293530038e+00
  -1.12659808236381620006e+00
  -5.07554662580462068178e+00
  -6.02316001561496161543e+00
  -5.56554611017426914543e+00
  -3.70712114548260540658e+00
  +1.07919123499411462319e+00
  +5.29516750076225850563e+00
  +7.43663824091120861937e+00
  +6.80939655240748908938e+00
  +3.76997681536767093036e+00
  -4.23905899773640904016e-01
  -4.32992974431740496044e+00
  -6.09499093535564639978e+00
  -5.64347458468825013966e+00
  -4.44312427951529986814e+00
  +2.63154905176969933223e-01
  +4.69633386708630684581e+00
  +7.26327555076477793250e+00
  +7.10768770264003091341e+00
  +4.40754558024752096657e+00
  +2.94869781358302773810e-01
  -3.65068432028112077603e+00
  -6.15913552015859355748e+00
  -5.72166184098362240462e+00
  -5.11606836151526067624e+00
  -5.63213353721330634016e-01
  +4.04073511382548744564e+00
  +7.00937958023936769081e+00
  +7.33154914199490370663e+00
  +5.00421147832274204603e+00
  +1.02101119472133028410e+00
  -3.02158849870416101879e+00
  -6.20502333274989048562e+00
  -5.79973976156167392304e+00
  -5.33259419778540610935e+00
  -1.38739503451164347680e+00
  +3.33755066204779993200e+00
  +6.67779959330455241684e+00
  +7.47714241026915882316e+00
  +5.55288130133342416883e+00
  +1.74795055737751336977e+00
  -2.39883334948336379711e+00
  -6.18900135580456733919e+00
  -5.87772571102269658638e+00
  -5.41615513462750275409e+00
  -2.20364501664789269597e+00
  +2.59259267849645347326e+00
  +6.27075557701116625964e+00
  +7.54231921985938491559e+00
  +6.04664665122160371880e+00
  +2.46573630488278716655e+00
  -1.74510958485563127951e+00
  -5.80330581435654835332e+00
  -5.95506087202188627572e+00
  -5.49510234251289730878e+00
  -3.00367340640580993139e+00
  +1.81216738534124033322e+00
  +5.79117970194597564415e+00
  +7.52532389124432032901e+00
  +6.47691658120841218249e+00
  +3.16117625535453861119e+00
  -1.06337700217867237029e+00
  -5.00383989066041401372e+00
  -6.03024953641635264034e+00
  -5.57293987389063527615e+00
  -3.77223283402166975620e+00
  +1.00982383868641800717e+00
  +5.24677861243596943552e+00
  +7.42622435659924828855e+00
  +6.84105656748015888979e+00
  +3.83134605182632359544e+00
  -3.57025809574829544601e-01
  -4.26281373369038618648e+00
  -6.10178399231060097918e+00
  -5.65106675158457782970e+00
  -4.50649267615916659935e+00
  +1.89100035386601028620e-01
  +4.63997646548922837439e+00
  +7.24484598655377887155e+00
  +7.13415055172738021838e+00
  +4.46800242769705047152e+00
  +3.65438458275091804239e-01
  -3.58743194337064119637e+00
  -6.16522079328220762307e+00
  -5.72947773988506536824e+00
  -5.16444321495792912913e+00
  -6.38732386959735443099e-01
  +3.97882063221257809005e+00
  +6.98343352823743934721e+00
  +7.35095933275396706819e+00
  +5.06278303687260944344e+00
  +1.09602438734988361091e+00
  -2.95791234127407376420e+00
  -6.20816516250425465273e+00
  -5.80809560764704624347e+00
  -5.34185520470480668109e+00
  -1.46782971932722405839e+00
  +3.26720156382194382161e+00
  +6.64273794143370555076e+00
  +7.48884969567567626569e+00
  +5.60502867511735214379e+00
  +1.81921093391717114685e+00
  -2.33637369229039038032e+00
  -6.17836162850023384863e+00
  -5.88578894348850845120e+00
  -5.42434619827158126526e+00
  -2.28077506235085447628e+00
  +2.51962562831544989450e+00
  +6.22890088873087588439e+00
  +7.54592982661432998270e+00
  +6.09158886155862688838e+00
  +2.53296993481815135851e+00
  -1.68152621255605660977e+00
  -5.72575846354130302274e+00
  -5.96270794661405911796e+00
  -5.50284989029708526687e+00
  -3.07512545096067402284e+00
  +1.74011703704561160322e+00
  +5.74490549748726309076e+00
  +7.52120674952943524261e+00
  +6.51651154833329115945e+00
  +3.22877574802802413956e+00
  -9.94814130167573473784e-01
  -4.92759794120983407595e+00
  -6.03793581953479918667e+00
  -5.58100950009313390154e+00
  -3.84389877802882962143e+00
  +9.31826874257888349007e-01
  +5.19183361154133748983e+00
  +7.41409060896841864974e+00
  +6.87422164496548582235e+00
  +3.89572362678693018267e+00
  -2.86931564562739715996e-01
  -4.19369008006887877826e+00
  -6.10889941059312668870e+00
  -5.65902771021547845720e+00
  -4.57230057361297603791e+00
  +1.13428850864103480944e-01
  +4.58197079512260252443e+00
  +7.22588288251792754124e+00
  +7.15834201342870812823e+00
  +4.52472572121474136964e+00
  +4.32169398710430030519e-01
  -3.52821551746050854348e+00
  -6.17064604045269504695e+00
  -5.73703773389905613556e+00
  -5.20971240238443833448e+00
  -7.11552937078860026077e-01
  +3.91855280036365538621e+00
  +6.95805226570946011577e+00
  +7.36733293470208749909e+00
  +5.11144814447676765212e+00
  +1.15711153778317488161e+00
  -2.90623197682238743056e+00
  -6.21030422530898906786e+00
  -5.81505911560757837719e+00
  -5.34958386420337550504e+00
  -1.53423627955230124087e+00
  +3.20808532045756589213e+00
  +6.61292170574450377529e+00
  +7.49838029600342892422e+00
  +5.64990574366030529063e+00
  +1.88171268142265279977e+00
  -2.28080482843474863230e+00
  -6.16596498037142204396e+00
  -5.89286670738310824902e+00
  -5.43150455512551211257e+00
  -2.34705706024579896507e+00
  +2.45662701168600161594e+00
  +6.19249597373703331016e+00
  +7.54859879093666474859e+00
  +6.13015194533173435332e+00
  +2.59263558569817487154e+00
  -1.62478583020623501554e+00
  -5.65570868127781167800e+00
</dep>
<dep _net0.Vt time>
  +5.00000000000000000000e+00
  +5.00000000000000000000e+00
  +5.00000000000000000000e+00
  +5.00000000000000000000e+00
  +5.00000000000000000000e+00
  +5.00000000000000000000e+00
  +5.00000000000000000000e+00
  +5.00000000000000000000e+00
  +5.00000000000000000000e+00
  +5.00000000000000000000e+00
  +5.00000000000000000000e+00
  +5.00000000000000000000e+00
  +5.00000000000000000000e+00
  +5.00000000000000000000e+00
  +5.00000000000000000000e+00
  +5.00000000000000000000e+00
  +5.00000000000000000000e+00
  +5.00000000000000000000e+00
  +5.00000000000000000000e+00
  +5.00000000000000000000e+00
  +5.00000000000000000000e+00
  +5.00000000000000000000e+00
  +5.00000000000000000000e+00
  +5.00000000000000000000e+00
  +5.00000000000000000000e+00
  +5.00000000000000000000e+00
  +5.00000000000000000000e+00
  +5.00000000000000000000e+00
  +5.00000000000000000000e+00
  +5.00000000000000000000e+00
  +5.00000000000000000000e+00
  +5.00000000000000000000e+00
  +5.00000000000000000000e+00
  +5.00000000000000000000e+00
  +5.00000000000000000000e+00
  +5.00000000000000000000e+00
  +5.00000000000000000000e+00
  +5.00000000000000000000e+00
  +5.00000000000000000000e+00
  +5.00000000000000000000e+00
  +5.00000000000000000000e+00
  +5.00000000000000000000e+00
  +5.00000000000000000000e+00
  +5.00000000000000000000e+00
  +5.00000000000000000000e+00
  +5.00000000000000000000e+00
  +5.00000000000000000000e+00
  +5.00000000000000000000e+00
  +5.00000000000000000000e+00
  +5.00000000000000000000e+00
  +5.00000000000000000000e+00
  +5.00000000000000000000e+00
  +5.00000000000000000000e+00
  +5.00000000000000000000e+00
  +5.00000000000000000000e+00
  +5.00000000000000000000e+00
  +5.00000000000000000000e+00
  +5.00000000000000000000e+00
  +5.00000000000000000000e+00
  +5.00000000000000000000e+00
  +5.00000000000000000000e+00
  +5.00000000000000000000e+00
  +5.00000000000000000000e+00
  +5.00000000000000000000e+00
  +5.00000000000000000000e+00
  +5.00000000000000000000e+00
  +5.00000000000000000000e+00
  +5.00000000000000000000e+00
  +5.00000000000000000000e+00
  +5.00000000000000000000e+00
  +5.00000000000000000000e+00
  +5.00000000000000000000e+00
  +5.00000000000000000000e+00
  +5.00000000000000000000e+00
  +5.00000000000000000000e+00
  +5.00000000000000000000e+00
  +5.00000000000000000000e+00
  +5.00000000000000000000e+00
  +5.00000000000000000000e+00
  +5.00000000000000000000e+00
  +5.00000000000000000000e+00
  +5.00000000000000000000e+00
  +5.00000000000000000000e+00
  +5.00000000000000000000e+00
  +5.00000000000000000000e+00
  +5.00000000000000000000e+00
  +5.00000000000000000000e+00
  +5.00000000000000000000e+00
  +5.00000000000000000000e+00
  +5.00000000000000000000e+00
  +5.00000000000000000000e+00
  +5.00000000000000000000e+00
  +5.00000000000000000000e+00
  +5.00000000000000000000e+00
  +5.00000000000000000000e+00
  +5.00000000000000000000e+00
  +5.00000000000000000000e+00
  +5.00000000000000000000e+00
  +5.00000000000000000000e+00
  +5.00000000000000000000e+00
  +5.00000000000000000000e+00
  +5.00000000000000000000e+00
  +5.00000000000000000000e+00
  +5.00000000000000000000e+00
  +5.00000000000000000000e+00
  +5.00000000000000000000e+00
  +5.00000000000000000000e+00
  +5.00000000000000000000e+00
  +5.00000000000000000000e+00
  +5.00000000000000000000e+00
  +5.00000000000000000000e+00
  +5.00000000000000000000e+00
  +5.00000000000000000000e+00
  +5.00000000000000000000e+00
  +5.00000000000000000000e+00
  +5.00000000000000000000e+00
  +5.00000000000000000000e+00
  +5.00000000000000000000e+00
  +5.00000000000000000000e+00
  +5.00000000000000000000e+00
  +5.00000000000000000000e+00
  +5.00000000000000000000e+00
  +5.00000000000000000000e+00
  +5.00000000000000000000e+00
  +5.00000000000000000000e+00
  +5.00000000000000000000e+00
  +5.00000000000000000000e+00
  +5.00000000000000000000e+00
  +5.00000000000000000000e+00
  +5.00000000000000000000e+00
  +5.00000000000000000000e+00
  +5.00000000000000000000e+00
  +5.00000000000000000000e+00
  +5.00000000000000000000e+00
  +5.00000000000000000000e+00
  +5.00000000000000000000e+00
  +5.00000000000000000000e+00
  +5.00000000000000000000e+00
  +5.00000000000000000000e+00
  +5.00000000000000000000e+00
  +5.00000000000000000000e+00
  +5.00000000000000000000e+00
  +5.00000000000000000000e+00
  +5.00000000000000000000e+00
  +5.00000000000000000000e+00
  +5.00000000000000000000e+00
  +5.00000000000000000000e+00
  +5.00000000000000000000e+00
  +5.00000000000000000000e+00
  +5.00000000000000000000e+00
  +5.00000000000000000000e+00
  +5.00000000000000000000e+00
  +5.00000000000000000000e+00
  +5.00000000000000000000e+00
  +5.00000000000000000000e+00
  +5.00000000000000000000e+00
  +5.00000000000000000000e+00
  +5.00000000000000000000e+00
  +5.00000000000000000000e+00
  +5.00000000000000000000e+00
  +5.00000000000000000000e+00
  +5.00000000000000000000e+00
  +5.00000000000000000000e+00
  +5.00000000000000000000e+00
  +5.00000000000000000000e+00
  +5.00000000000000000000e+00
  +5.00000000000000000000e+00
  +5.00000000000000000000e+00
  +5.00000000000000000000e+00
  +5.00000000000000000000e+00
  +5.00000000000000000000e+00
  +5.00000000000000000000e+00
  +5.00000000000000000000e+00
  +5.00000000000000000000e+00
  +5.00000000000000000000e+00
  +5.00000000000000000000e+00
  +5.00000000000000000000e+00
  +5.00000000000000000000e+00
  +5.00000000000000000000e+00
  +5.00000000000000000000e+00
  +5.00000000000000000000e+00
  +5.00000000000000000000e+00
  +5.00000000000000000000e+00
  +5.00000000000000000000e+00
  +5.00000000000000000000e+00
  +5.00000000000000000000e+00
  +5.00000000000000000000e+00
  +5.00000000000000000000e+00
  +5.00000000000000000000e+00
  +5.00000000000000000000e+00
  +5.00000000000000000000e+00
  +5.00000000000000000000e+00
  +5.00000000000000000000e+00
  +5.00000000000000000000e+00
  +5.00000000000000000000e+00
  +5.00000000000000000000e+00
  +5.00000000000000000000e+00
  +5.00000000000000000000e+00
  +5.00000000000000000000e+00
  +5.00000000000000000000e+00
  +5.00000000000000000000e+00
  +5.00000000000000000000e+00
  +5.00000000000000000000e+00
  +5.00000000000000000000e+00
  +5.00000000000000000000e+00
  +5.00000000000000000000e+00
  +5.00000000000000000000e+00
  +5.00000000000000000000e+00
  +5.00000000000000000000e+00
  +5.00000000000000000000e+00
  +5.00000000000000000000e+00
  +5.00000000000000000000e+00
  +5.00000000000000000000e+00
  +5.00000000000000000000e+00
  +5.00000000000000000000e+00
  +5.00000000000000000000e+00
  +5.00000000000000000000e+00
  +5.00000000000000000000e+00
  +5.00000000000000000000e+00
  +5.00000000000000000000e+00
  +5.00000000000000000000e+00
  +5.00000000000000000000e+00
  +5.00000000000000000000e+00
  +5.00000000000000000000e+00
  +5.00000000000000000000e+00
  +5.00000000000000000000e+00
  +5.00000000000000000000e+00
  +5.00000000000000000000e+00
  +5.00000000000000000000e+00
  +5.00000000000000000000e+00
  +5.00000000000000000000e+00
  +5.00000000000000000000e+00
  +5.00000000000000000000e+00
  +5.00000000000000000000e+00
  +5.00000000000000000000e+00
  +5.00000000000000000000e+00
  +5.00000000000000000000e+00
  +5.00000000000000000000e+00
  +5.00000000000000000000e+00
  +5.00000000000000000000e+00
  +5.00000000000000000000e+00
  +5.00000000000000000000e+00
  +5.00000000000000000000e+00
  +5.00000000000000000000e+00
  +5.00000000000000000000e+00
  +5.00000000000000000000e+00
  +5.00000000000000000000e+00
  +5.00000000000000000000e+00
  +5.00000000000000000000e+00
  +5.00000000000000000000e+00
  +5.00000000000000000000e+00
  +5.00000000000000000000e+00
  +5.00000000000000000000e+00
  +5.00000000000000000000e+00
  +5.00000000000000000000e+00
  +5.00000000000000000000e+00
  +5.00000000000000000000e+00
  +5.00000000000000000000e+00
  +5.00000000000000000000e+00
  +5.00000000000000000000e+00
  +5.00000000000000000000e+00
  +5.00000000000000000000e+00
  +5.00000000000000000000e+00
  +5.00000000000000000000e+00
  +5.00000000000000000000e+00
  +5.00000000000000000000e+00
  +5.00000000000000000000e+00
  +5.00000000000000000000e+00
  +5.00000000000000000000e+00
  +5.00000000000000000000e+00
  +5.00000000000000000000e+00
  +5.00000000000000000000e+00
  +5.00000000000000000000e+00
  +5.00000000000000000000e+00
  +5.00000000000000000000e+00
  +5.00000000000000000000e+00
  +5.00000000000000000000e+00
  +5.00000000000000000000e+00
  +5.00000000000000000000e+00
  +5.00000000000000000000e+00
  +5.00000000000000000000e+00
  +5.00000000000000000000e+00
  +5.00000000000000000000e+00
  +5.00000000000000000000e+00
  +5.00000000000000000000e+00
  +5.00000000000000000000e+00
  +5.00000000000000000000e+00
  +5.00000000000000000000e+00
  +5.00000000000000000000e+00
  +5.00000000000000000000e+00
  +5.00000000000000000000e+00
  +5.00000000000000000000e+00
  +5.00000000000000000000e+00
  +5.00000000000000000000e+00
  +5.00000000000000000000e+00
  +5.00000000000000000000e+00
  +5.00000000000000000000e+00
  +5.00000000000000000000e+00
  +5.00000000000000000000e+00
  +5.00000000000000000000e+00
  +5.00000000000000000000e+00
  +5.00000000000000000000e+00
  +5.00000000000000000000e+00
  +5.00000000000000000000e+00
  +5.00000000000000000000e+00
  +5.00000000000000000000e+00
  +5.00000000000000000000e+00
  +5.00000000000000000000e+00
  +5.00000000000000000000e+00
  +5.00000000000000000000e+00
  +5.00000000000000000000e+00
  +5.00000000000000000000e+00
  +5.00000000000000000000e+00
  +5.00000000000000000000e+00
  +5.00000000000000000000e+00
  +5.00000000000000000000e+00
  +5.00000000000000000000e+00
  +5.00000000000000000000e+00
  +5.00000000000000000000e+00
  +5.00000000000000000000e+00
  +5.00000000000000000000e+00
  +5.00000000000000000000e+00
  +5.00000000000000000000e+00
  +5.00000000000000000000e+00
  +5.00000000000000000000e+00
  +5.00000000000000000000e+00
  +5.00000000000000000000e+00
  +5.00000000000000000000e+00
  +5.00000000000000000000e+00
  +5.00000000000000000000e+00
  +5.00000000000000000000e+00
  +5.00000000000000000000e+00
  +5.00000000000000000000e+00
  +5.00000000000000000000e+00
</dep>
