$ 1 1e-8 0.575460267600573 1 5 43
R 192 64 192 32 0 0 40 5 0 0 0.5
g 192 272 192 304 0
t 160 176 224 176 0 1 -9.900707323343967 -0.31670989498240193 300
r 112 64 112 176 0 15000
r 112 176 112 272 0 4700
c 160 176 160 272 0 1.0000000000000001e-7 0.26327490243009627
r 224 192 224 272 0 270
l 224 144 224 64 0 0.01 -0.00014752996362478004
c 304 144 304 192 0 1e-9 9.583997428361565
c 304 192 304 272 0 1e-8 0.5799847974124982
c 400 208 400 272 0 1e-9 0.4789681178039303
l 400 208 400 144 0 0.000009999999999999999 0.027577807083351693
w 224 144 224 160 0
w 224 144 304 144 0
w 304 144 400 144 0
c 400 144 464 144 0 1.0000000000000001e-7 0.0009999999969156903
O 464 144 512 144 0
w 304 192 224 192 0
w 112 272 160 272 0
w 160 272 192 272 0
w 192 272 224 272 0
w 224 272 304 272 0
w 304 272 400 272 0
w 224 64 192 64 0
w 192 64 112 64 0
w 160 176 112 176 0
o 16 1 0 12298 10.574975550003508 0.0001 0 1
